------------------------------------------------------------
 Jp - Hole current density
------------------------------------------------------------
Position (um), Current Density (A/cm2)
   5.42101086243e-16,      0.0298426883585
       1.70494233446,      0.0315443846357
       2.41385125592,      0.0322526962426
       3.70738275063,       0.035979934089
       4.24522851717,      0.0375291821363
        5.2266245996,       0.041936078391
       5.63468557871,       0.043767192781
       6.37926603503,      0.0481609805712
       6.68885992426,      0.0499869255268
        7.2537695116,      0.0540028929328
       7.48865689646,      0.0556728005224
       7.91725106538,      0.0591489360499
       8.09545898707,      0.0605952169364
         8.420631308,      0.0634962805312
        8.5558367954,      0.0647035356907
       8.80254346097,      0.0670649177483
       8.90512320966,      0.0680474572002
        9.0922983624,      0.0699359418091
        9.1701251211,      0.0707215463154
       9.31213400328,      0.0722124409944
        9.3711807883,      0.0728325488956
       9.47892223968,      0.0739982094502
       9.52372074961,      0.0744829949724
       9.60546366714,      0.0753877231587
       9.63945207973,      0.0757639672721
        9.7014700355,      0.0764622964874
       9.72725687958,      0.0767526950808
       9.77430960237,      0.0772894612004
       9.79387395612,      0.0775126676265
       9.82957262909,      0.0779239463534
       9.84441600957,      0.0780949667945
       9.87150041992,      0.0784093421685
       9.88276202082,      0.0785400653399
       9.90331083182,      0.0787799346629
        9.9118549539,      0.0788796754246
       9.92744523733,      0.0790624458555
       9.93392762138,      0.0791384433264
       9.94575589393,      0.0792775633796
       9.95067404733,      0.0793354101672
       9.95964810045,      0.0794412314729
       9.96337947963,      0.0794852321903
       9.97018805028,      0.0795657351231
       9.97301902959,      0.0795992082662
       9.97818465918,      0.0796606390347
       9.98033250948,      0.0796861819812
       9.98425164764,      0.0797335819066
       9.98588121127,      0.0797532910841
       9.98885464242,      0.0797908014101
       9.99009098445,      0.0798063991262
       9.99234691226,       0.079837291723
       9.99328491898,       0.079850139009
       9.99499648049,      0.0798767136613
       9.99570814164,      0.0798877676206
       9.99700669508,      0.0799113170664
       9.99754662895,       0.079921116394
       9.99853183515,      0.0799420762483
       9.99894148036,      0.0799508034006
       9.99968895154,      0.0799593918099
       9.99999974738,       0.079962977661
       9.99999974738,      0.0799774653029
       10.0020505388,      0.0799776908003
       10.0029032506,      0.0799785286071
       10.0051796291,      0.0799787739617
       10.0061261391,      0.0799809768586
       10.0086529193,      0.0799820694409
       10.0097035454,      0.0799870394093
       10.0125082714,      0.0799902071414
       10.0136744664,        0.08000058808
       10.0167877123,      0.0800080238856
       10.0180821887,      0.0800282551737
       10.0215378916,      0.0800435145901
       10.0229747605,      0.0800804839113
       10.0268105907,      0.0801087131477
       10.0284055151,       0.080172091808
       10.0326632866,      0.0802197040133
       10.0344336528,      0.0803213352511
       10.0391597791,      0.0803946452064
       10.0411248856,      0.0805462371306
       10.0463708858,      0.0806487868836
        10.048552154,      0.0808576259552
       10.0543752143,      0.0809867048519
       10.0567964219,      0.0812504256717
       10.0632600188,      0.0813943786851
       10.0659475593,      0.0816974311574
       10.0731221519,      0.0818358285187
       10.0761053218,      0.0821505799761
       10.0840691196,      0.0822582093667
       10.0873804382,      0.0825514269389
       10.0962202538,      0.0826047012157
       10.0998958174,      0.0828466830651
       10.1097080127,      0.0828293334773
       10.1137878883,      0.0830011854873
       10.1246794251,      0.0829066287745
       10.1292080871,      0.0830026533296
       10.1412976928,      0.0828326353813
       10.1463245076,      0.0828579586698
         10.15974397,      0.0826190294675
       10.1653237345,      0.0825848146568
       10.1802193377,      0.0822846424413
       10.1864128762,      0.0822034259382
       10.2029469958,      0.0818482140658
       10.2098218236,      0.0817307900604
       10.2281746964,      0.0813240755713
       10.2358057552,       0.081178138208
        10.256177444,      0.0807206417669
       10.2646479193,      0.0805507093184
       10.2872604938,       0.080040743392
       10.2966627214,       0.079848739735
       10.3217626791,      0.0792827765355
       10.3321991517,      0.0790687848045
       10.3600601048,      0.0784419536101
       10.3716445894,      0.0782048690272
       10.4025702473,      0.0775112961511
       10.4154290252,       0.077249280008
       10.4497565055,      0.0764822734728
        10.464029749,      0.0761930161155
       10.5021332521,      0.0753451354029
       10.5179765524,      0.0750259797581
       10.5602714409,      0.0740890357137
       10.5778575041,      0.0737370159846
       10.6248048303,      0.0727020351165
       10.6443253606,      0.0723138705107
       10.6964368927,      0.0711710457683
       10.7181046812,      0.0707431125161
       10.7759484819,      0.0694245221414
       10.7999997272,      0.0689149627494
       10.8178435053,      0.0685796186958
       10.8252628844,      0.0684705686332
       10.8431066626,      0.0680835492563
       10.8505260417,      0.0679389810779
       10.8683698198,      0.0675526526838
       10.8757891989,      0.0674083682568
       10.8936329771,      0.0670227271754
       10.9010523562,      0.0668787184776
       10.9188961343,      0.0664937616684
       10.9263155135,      0.0663500211625
       10.9441592916,      0.0659657462372
       10.9515786707,      0.0658222668809
       10.9694224489,      0.0654386721028
        10.976841828,      0.0652954473585
       10.9946856061,      0.0649125316773
       11.0021049852,      0.0647695555242
       11.0199487634,      0.0643873185582
       11.0273681425,      0.0642445855058
       11.0452119206,      0.0638630275407
       11.0526312997,      0.0637205326301
       11.0704750779,      0.0633396546705
        11.077894457,      0.0631973934952
       11.0957382351,      0.0628171972363
       11.1031576142,      0.0626751659526
       11.1210013924,      0.0622956537913
       11.1284207715,      0.0621538491155
       11.1462645497,      0.0617750241781
       11.1536839288,      0.0616334434006
       11.1715277069,      0.0612553095279
        11.178947086,      0.0611139505274
       11.1967908642,       0.060736512285
       11.2042102433,      0.0605953735348
       11.2220540214,      0.0602186362222
       11.2294734005,      0.0600777167854
       11.2473171787,      0.0597016864318
       11.2547365578,      0.0595609859831
       11.2725803359,      0.0591856693561
        11.279999715,      0.0590451881774
       11.2978434932,      0.0586705928042
       11.3052628723,      0.0585303317862
       11.3231066505,      0.0581564659202
       11.3305260296,      0.0580164265852
       11.3483698077,      0.0576432992327
       11.3557891868,      0.0575034837162
        11.373632965,      0.0571311046405
       11.3810523441,      0.0569915157086
       11.3988961222,      0.0566198954072
       11.4063155013,      0.0564805364528
       11.4241592795,      0.0561096861959
       11.4315786586,      0.0559705612444
       11.4494224367,      0.0556004930338
       11.4568418158,      0.0554616067389
        11.474685594,      0.0550923333408
       11.4821049731,      0.0549536909878
       11.4999487513,      0.0545852259367
       11.5073681304,      0.0544468334471
       11.5252119085,      0.0540791910052
       11.5326312876,      0.0539410549272
       11.5504750658,       0.053574250121
       11.5578944449,      0.0534363776336
        11.575738223,      0.0530704262548
       11.5831576021,      0.0529328251596
       11.6010013803,      0.0525677437476
       11.6084207594,      0.0524304224772
       11.6262645375,      0.0520662283172
       11.6336839166,      0.0519291959158
       11.6515276948,      0.0515659070578
       11.6589470739,       0.051429173189
        11.676790852,      0.0510668084472
       11.6842102311,      0.0509303833859
       11.7020540093,      0.0505689623152
       11.7094733884,      0.0504328569357
       11.7273171666,      0.0500723998587
       11.7347365457,      0.0499366256381
       11.7525803238,      0.0495771536331
       11.7599997029,      0.0494417226334
       11.7778434811,       0.049083257532
       11.7852628602,      0.0489481823988
       11.8031066383,      0.0485907468161
       11.8105260174,      0.0484560407715
       11.8283697956,      0.0480996580813
       11.8357891747,      0.0479653349063
       11.8536329528,      0.0476100292444
       11.8610523319,      0.0474761032752
       11.8788961101,      0.0471218995626
       11.8863154892,      0.0469883856799
       11.9041592674,      0.0466353096163
       11.9115786465,      0.0465022232322
       11.9294224246,      0.0461503013177
       11.9368418037,      0.0460176583621
       11.9546855819,      0.0456669178858
        11.962104961,      0.0455347347936
       11.9799487391,      0.0451852038435
       11.9873681182,      0.0450534975496
       12.0052118964,      0.0447052050455
       12.0126312755,      0.0445739929612
       12.0304750536,      0.0442269686405
       12.0378944327,      0.0440962686434
       12.0557382109,      0.0437505430952
         12.06315759,      0.0436203735136
       12.0810013682,      0.0432759781892
       12.0884207473,      0.0431463577866
       12.1062645254,      0.0428033250101
       12.1136839045,       0.042674272976
       12.1315276827,      0.0423326359775
       12.1389470618,      0.0422041719019
       12.1567908399,      0.0418639648146
        12.164210219,      0.0417361086742
       12.1820539972,      0.0413973665869
       12.1894733763,      0.0412701387381
       12.2073171544,        0.04093289772
       12.2147365335,      0.0408063188676
       12.2325803117,      0.0404706159668
       12.2399996908,      0.0403447071527
       12.2578434689,      0.0400105804647
        12.265262848,      0.0398853630604
       12.2831066262,       0.039552851742
       12.2905260053,      0.0394283474148
       12.3083697835,      0.0390974917459
       12.3157891626,      0.0389737224523
       12.3336329407,      0.0386445638464
       12.3410523198,      0.0385215518106
        12.358896098,       0.038194132877
       12.3663154771,      0.0380719005759
       12.3841592552,      0.0377462651835
       12.3915786343,      0.0376248353254
       12.4094224125,      0.0373010286229
       12.4168417916,      0.0371804241291
       12.4346855697,        0.03685849263
       12.4421049488,      0.0367387366286
        12.459948727,      0.0364187282624
       12.4673681061,      0.0362998440542
       12.4852118843,      0.0359818082372
       12.4926312634,      0.0358638192861
       12.5104750415,      0.0355478069825
       12.5178944206,      0.0354307369036
       12.5357381988,      0.0351168007079
       12.5431575779,       0.035000673243
        12.561001356,      0.0346888674634
       12.5684207351,      0.0345737064623
       12.5862645133,      0.0342640871984
       12.5936838924,      0.0341499166103
       12.6115276705,      0.0338425418529
       12.6189470496,      0.0337293857062
       12.6367908278,      0.0334243154322
       12.6442102069,      0.0333121978134
       12.6620539851,      0.0330094940708
       12.6694733642,      0.0328984391147
       12.6873171423,      0.0325981661515
       12.6947365214,      0.0324881980244
       12.7125802996,      0.0321904224058
       12.7199996787,      0.0320815652876
       12.7378434568,      0.0317863559841
       12.7452628359,      0.0316786340498
       12.7631066141,      0.0313860625869
       12.7705259932,      0.0312794999985
       12.7883697713,      0.0309896405765
       12.7957891504,      0.0308842614663
       12.8136329286,      0.0305971910939
       12.8210523077,      0.0304930195437
       12.8388960858,      0.0302088181952
       12.8463154649,      0.0301058782254
       12.8641592431,      0.0298246289422
       12.8715786222,      0.0297229444989
       12.8894224004,       0.029444733581
       12.8968417795,       0.029344328518
       12.9146855576,      0.0290692456643
       12.9221049367,      0.0289701437299
       12.9399487149,      0.0286982821692
        12.947368094,      0.0286005069894
       12.9652118721,      0.0283319636514
       12.9726312512,       0.028235538722
       12.9904750294,      0.0279704144062
       12.9978944085,      0.0278753630704
       13.0157381866,      0.0276137625844
       13.0231575657,      0.0275201080188
       13.0410013439,      0.0272621403252
        13.048420723,      0.0271699055319
       13.0662645012,      0.0269156839125
       13.0736838803,      0.0268248916946
       13.0915276584,      0.0265745338832
       13.0989470375,      0.0264852068327
       13.1167908157,      0.0262388351379
       13.1242101948,      0.0261509956197
       13.1420539729,      0.0259087370467
        13.149473352,      0.0258224071714
       13.1673171302,      0.0255843935331
       13.1747365093,      0.0254995951346
       13.1925802874,       0.025308838829
       13.1999996665,      0.0252440416529
       13.2350400376,      0.0247518562273
       13.2496096985,      0.0245735016477
       13.2828980509,       0.024167616981
       13.2967392288,      0.0240224607195
       13.3283631636,      0.0236533295299
       13.3415122826,      0.0235207505837
       13.3715550207,      0.0231857878216
       13.3840466837,      0.0230647347226
       13.4125872849,      0.0227614579386
       13.4244543648,         0.0226509449
       13.4515679359,      0.0223769603066
       13.4628416618,      0.0222760522968
       13.4885995543,      0.0220290267999
       13.4993095939,      0.0219368116952
       13.5237795919,      0.0217144179512
       13.5339541295,      0.0216299553556
       13.5572006275,      0.0214297686797
       13.5668664382,      0.0213519983897
       13.5889506114,      0.0211713132312
       13.5981331316,      0.0210988974821
       13.6191130961,      0.0209344175887
       13.6278364902,      0.0208654806242
       13.6477674565,       0.020712823408
        13.656054681,      0.0206445415853
       13.6749890989,      0.0204974893123
       13.6828619622,      0.0204254796953
       13.7008496592,      0.0202749201088
       13.7083288793,       0.020192385388
       13.7254171915,      0.0200249355709
       13.7325224506,      0.0199215674506
       13.7487563472,      0.0197180066765
       13.7555063433,      0.0195787611911
       13.7709285451,      0.0193126671831
       13.7773410414,      0.0191167483831
        13.791992133,      0.0187541827103
       13.7980840045,      0.0184749388419
       13.8120025416,       0.017976608259
       13.8177898196,      0.0175835013726
       13.8310124298,      0.0169111974101
       13.8365103438,      0.0163752586667
       13.8490718235,       0.015503740234
       13.8542948419,      0.0148072995421
       13.8662282476,      0.0137400781288
        13.871190115,      0.0128892524388
       13.8825268505,      0.0116719639726
       13.8872406245,      0.0107065726754
       13.8980105232,     0.00942786678812
       13.9024886085,     0.00842081087141
       13.9127200123,     0.00719372855755
       13.9169741933,     0.00623493710068
       13.9266940269,     0.00516363876995
       13.9307354989,     0.00433343220755
       13.9399693408,     0.00348235373623
       13.9438087392,     0.00282811579807
        13.952580889,     0.00221022543093
       13.9562283175,     0.00173882747597
       13.9645618598,     0.00132577549842
       13.9680269169,     0.00101279928138
       13.9759437821,    0.000756099469785
       13.9792355863,    0.000562754702371
       13.9867566082,    0.000412870654976
       13.9898838222,    0.000300554686641
        13.997028793,    0.000248917819989
       13.9999996463,    0.000205642902523
       13.9999996463,    0.000105985408941
       14.0173117781,    7.75352516274e-05
       14.0245101005,    5.16461603903e-05
       14.0443987952,    2.65100501262e-05
       14.0526684433,     8.9577507178e-06
       14.0755171708,    4.42618264524e-06
       14.0850175899,    1.29865777369e-06
       14.1112668915,    6.14712754108e-07
       14.1221812572,    1.57726335654e-07
         14.15233724,    6.85742927191e-08
       14.1648759897,     1.3452580412e-08
       14.1995200849,    6.66714872776e-09
       14.2139249756,    2.10065453773e-09
       14.2537251484,     2.2703442815e-09
       14.2702739178,    2.27846957353e-09
       14.3159975468,     2.2796860461e-09
       14.3350092681,    2.27977881288e-09
       14.3875379408,    2.26589104287e-09
       14.4093791749,     2.2600192797e-09
       14.4697256853,    2.24391858121e-09
       14.4948175484,     2.2371231948e-09
       14.5641454247,    2.21944109809e-09
       14.5929717076,     2.2119771019e-09
       14.6726176457,    2.19315187638e-09
       14.7057341417,    2.18520298321e-09
       14.7972337777,    2.16676685442e-09
        14.835278999,     2.1589803602e-09
       14.9403965178,    2.14493247137e-09
        14.984104006,    2.13901128175e-09
        15.104866156,    2.13108795126e-09
       15.1550786258,    2.12778163775e-09
        15.293813796,    2.12242096636e-09
       15.3514993833,    2.12024927812e-09
       15.5108824968,    2.11420506306e-09
        15.577153425,    2.11185735649e-09
       15.7602575132,    2.10383483566e-09
       15.8363915379,    2.10082320136e-09
       16.0467469916,    2.09054132524e-09
       16.1342120364,    2.08677641692e-09
       16.3758746738,    2.07458460341e-09
       16.4763571337,     2.0702208747e-09
       16.7539864003,    2.05685472029e-09
       16.8694236558,    2.05218995926e-09
       17.1883724618,    2.03856797867e-09
        17.320990234,    2.03394784303e-09
       17.6874081629,    2.02099049224e-09
       17.8397634265,    2.01672698601e-09
       18.2607153037,    2.00519381831e-09
       18.4357455878,    2.00150710616e-09
        18.919347696,    1.99187573814e-09
       19.1204277219,     1.9888677536e-09
       19.6760042895,    1.98128381735e-09
       19.9070110382,    1.97894430342e-09
       20.5452740177,    1.97325153583e-09
       20.8106614805,    1.97148673791e-09
       21.5439170833,    1.96731869381e-09
        21.848802139,    1.96598861994e-09
        22.691188109,    1.96288523041e-09
       23.0414491808,    1.96183799235e-09
       24.0092073809,    1.95934904146e-09
       24.4115977774,    1.95844582248e-09
       25.5233873457,    1.95619669847e-09
       25.9856654696,    1.95532510736e-09
        27.262922582,    1.95303901791e-09
       27.7940015187,    1.95211560775e-09
       29.2613526953,    1.94960194565e-09
       29.8714720635,    1.94856690399e-09
       31.5572089872,    1.94569258573e-09
       32.2581323676,     1.9445007307e-09
       34.1947573701,    1.94121508515e-09
       34.9999991158,      1.939848736e-09
       36.3419999312,    1.93745649115e-09
       36.8999990678,     1.9364628105e-09
       38.2419998832,    1.93407702289e-09
       38.7999990198,    1.93308506795e-09
       40.1419998352,    1.93066642933e-09
       40.6999989718,    1.92966078205e-09
       42.0419997872,    1.92720892183e-09
       42.5999989238,    1.92618945044e-09
       43.9419997392,    1.92370388618e-09
       44.4999988758,    1.92267039729e-09
       45.8419996912,    1.92015065186e-09
       46.3999988278,    1.91910294942e-09
       47.7419996432,    1.91654854775e-09
       48.2999987798,    1.91548643498e-09
       49.6419995952,    1.91289690167e-09
       50.1999987318,    1.91182018115e-09
       51.5419995472,    1.90919743387e-09
       52.0999986838,     1.9081069033e-09
       53.4419994992,    1.90677711066e-09

------------------------------------------------------------
 Jn - Electron current density
------------------------------------------------------------
Position (um), Current Density (A/cm2)
   5.42101086243e-16,        85.6124145832
       1.70494233446,        85.5756154353
       2.41385125592,        85.5651237531
       3.70738275063,        85.4451580935
       4.24522851717,        85.4104114553
        5.2266245996,        85.1789584712
       5.63468557871,        85.1120951473
       6.37926603503,        84.7544785505
       6.68885992426,        84.6492910284
        7.2537695116,        84.1847106774
       7.48865689646,        84.0430241196
       7.91725106538,         83.518280607
       8.09545898707,        83.3507216351
         8.420631308,        82.8191559745
        8.5558367954,        82.6414033408
       8.80254346097,        82.1446344307
       8.90512320966,        81.9715850263
        9.0922983624,        81.5334422034
        9.1701251211,        81.3754920006
       9.31213400328,        81.0046817837
        9.3711807883,        80.8672003547
       9.47892223968,         80.562517384
       9.52372074961,        80.4469718758
       9.60546366714,        80.2018967991
       9.63945207973,        80.1072757122
        9.7014700355,        79.9131592048
       9.72725687958,        79.8371527095
       9.77430960237,        79.6851100534
       9.79387395612,        79.6249248821
       9.82957262909,        79.5068065754
       9.84441600957,        79.4596552049
       9.87150041992,        79.3684416027
       9.88276202082,         79.331794331
       9.90331083182,        79.2616691271
        9.9118549539,        79.2333550057
       9.92744523733,         79.179619921
       9.93392762138,         79.157841304
       9.94575589393,        79.1167652191
       9.95067404733,        79.1000663616
       9.95964810045,        79.0687118466
       9.96337947963,        79.0559112209
       9.97018805028,        79.0319329951
       9.97301902959,        79.0219758354
       9.97818465918,        79.0033544041
       9.98033250948,        78.9950217054
       9.98425164764,        78.9798177607
       9.98588121127,        78.9714847981
       9.98885464242,        78.9580073842
       9.99009098445,        78.9481296573
       9.99234691226,        78.9356774352
       9.99328491898,        78.9241321289
       9.99499648049,        78.9132852787
       9.99570814164,        78.9018093368
       9.99700669508,        78.8934438328
       9.99754662895,        78.8840408064
       9.99853183515,        78.8783033714
       9.99894148036,        78.8717065808
       9.99968895154,        78.8709340114
       9.99999974738,        78.8691115251
       9.99999974738,        78.9832404989
       10.0020505388,        78.9675201908
       10.0029032506,         78.932541105
       10.0051796291,        78.9020850635
       10.0061261391,        78.8654137331
       10.0086529193,        78.8526471547
       10.0097035454,        78.8388550562
       10.0125082714,        78.8323365684
       10.0136744664,         78.826243227
       10.0167877123,         78.822348195
       10.0180821887,        78.8192492096
       10.0215378916,        78.8166196849
       10.0229747605,        78.8148270891
       10.0268105907,        78.8128776762
       10.0284055151,        78.8117111956
       10.0326632866,         78.810155319
       10.0344336528,        78.8093117177
       10.0391597791,        78.8079907516
       10.0411248856,        78.8073210319
       10.0463708858,        78.8061355338
        10.048552154,        78.8055583011
       10.0543752143,        78.8044373375
       10.0567964219,        78.8039021531
       10.0632600188,        78.8027880199
       10.0659475593,        78.8022585433
       10.0731221519,        78.8010980774
       10.0761053218,        78.8005435059
       10.0840691196,        78.7992823117
       10.0873804382,        78.7986724338
       10.0962202538,        78.7972504041
       10.0998958174,        78.7965522541
       10.1097080127,        78.7948996523
       10.1137878883,        78.7940748659
       10.1246794251,        78.7921086211
       10.1292080871,        78.7911110757
       10.1412976928,        78.7887310729
       10.1463245076,        78.7875045909
         10.15974397,        78.7845897199
       10.1653237345,        78.7830656613
       10.1802193377,        78.7794693031
       10.1864128762,         78.777563853
       10.2029469958,        78.7731083945
       10.2098218236,        78.7707193025
       10.2281746964,        78.7651892331
       10.2358057552,        78.7621917317
        10.256177444,        78.7553249088
       10.2646479193,        78.7515665377
       10.2872604938,        78.7430432762
       10.2966627214,        78.7383373673
       10.3217626791,        78.7277670743
       10.3321991517,        78.7218846812
       10.3600601048,        78.7087897743
       10.3716445894,        78.7014498345
       10.4025702473,        78.6852466657
       10.4154290252,        78.6761041591
       10.4497565055,         78.656080645
        10.464029749,        78.6447124738
       10.5021332521,         78.620002187
       10.5179765524,        78.6058904858
       10.5602714409,        78.5754431487
       10.5778575041,        78.5579557819
       10.6248048303,        78.5205045196
       10.6443253606,        78.4988726875
       10.6964368927,        78.4528991442
       10.7181046812,        78.4261923752
       10.7759484819,        78.3698073409
       10.7999997272,        78.3367676663
       10.8178435053,         78.318429721
       10.8252628844,        78.3077899019
       10.8431066626,        78.2888257025
       10.8505260417,        78.2776824593
       10.8683698198,        78.2582217391
       10.8757891989,        78.2467661321
       10.8936329771,        78.2268156706
       10.9010523562,        78.2150507723
       10.9188961343,        78.1946175621
       10.9263155135,        78.1825465783
       10.9441592916,        78.1616378245
       10.9515786707,        78.1492640973
       10.9694224489,        78.1278872168
        10.976841828,        78.1152142265
       10.9946856061,        78.0933768473
       11.0021049852,        78.0804082151
       11.0199487634,        78.0581181753
       11.0273681425,        78.0448576655
       11.0452119206,        78.0221230124
       11.0526312997,        78.0085745347
       11.0704750779,        77.9854035235
        11.077894457,         77.971571135
       11.0957382351,        77.9479722273
       11.1031576142,        77.9338601349
       11.1210013924,        77.9098419977
       11.1284207715,        77.8954545595
       11.1462645497,        77.8710260635
       11.1536839288,        77.8563677911
       11.1715277069,        77.8315380085
        11.178947086,        77.8166135685
       11.1967908642,        77.7913917718
       11.2042102433,        77.7762059872
       11.2220540214,        77.7506016466
       11.2294734005,        77.7351594984
       11.2473171787,          77.70918228
       11.2547365578,        77.6934889081
       11.2725803359,        77.6671486712
        11.279999715,        77.6512093757
       11.2978434932,        77.6245161704
       11.3052628723,        77.6083364122
       11.3231066505,        77.5813004767
       11.3305260296,        77.5648858784
       11.3483698077,        77.5375176359
       11.3557891868,        77.5208739816
        11.373632965,        77.4931840374
       11.3810523441,        77.4763172734
       11.3988961222,        77.4483164116
       11.4063155013,        77.4312326461
       11.4241592795,        77.4029318259
       11.4315786586,        77.3856373285
       11.4494224367,        77.3570476809
       11.4568418158,        77.3395488821
        11.474685594,        77.3106817057
       11.4821049731,        77.2929851961
       11.4999487513,        77.2638519533
       11.5073681304,        77.2459644822
       11.5252119085,        77.2165767948
       11.5326312876,        77.1985052687
       11.5504750658,        77.1688749135
       11.5578944449,        77.1506263946
        11.575738223,        77.1207652987
       11.5831576021,        77.1023470025
       11.6010013803,        77.0722672387
       11.6084207594,        77.0536865317
       11.6262645375,        77.0234003133
       11.6336839166,        77.0046647103
       11.6515276948,        76.9741843857
       11.6589470739,        76.9553015468
        11.676790852,        76.9246395947
       11.6842102311,        76.9056173217
       11.7020540093,        76.8747863447
       11.7094733884,        76.8556325776
       11.7273171666,        76.8246452974
       11.7347365457,        76.8053681102
       11.7525803238,        76.7742373608
       11.7599997029,        76.7548449575
       11.7778434811,        76.7235836795
       11.7852628602,         76.704084389
       11.8031066383,        76.6727056234
       11.8105260174,        76.6531078948
       11.8283697956,        76.6216247764
       11.8357891747,        76.6019371736
       11.8536329528,        76.5703629245
       11.8610523319,        76.5505941207
       11.8788961101,        76.5189420435
       11.8863154892,        76.4991008153
       11.9041592674,        76.4673842864
       11.9115786465,        76.4474795076
       11.9294224246,          76.41571197
       11.9368418037,        76.3957526052
       11.9546855819,        76.3639475617
        11.962104961,        76.3439426596
       11.9799487391,        76.3121136653
       11.9873681182,        76.2920723519
       12.0052118964,        76.2602330071
       12.0126312755,        76.2401644786
       12.0304750536,        76.2083284211
       12.0378944327,        76.1882419365
       12.0557382109,        76.1564228344
         12.06315759,        76.1363277082
       12.0810013682,        76.1045392522
       12.0884207473,        76.0844448467
       12.1062645254,        76.0527007425
       12.1136839045,        76.0326164597
       12.1315276827,        76.0009304204
       12.1389470618,        75.9808656946
       12.1567908399,         75.949251433
        12.164210219,        75.9292157228
       12.1820539972,        75.8976869434
       12.1894733763,        75.8776897232
       12.2073171544,         75.846260115
       12.2147365335,        75.8263108674
       12.2325803117,        75.7949940955
       12.2399996908,        75.7751023032
       12.2578434689,        75.7439120015
        12.265262848,         75.724087139
       12.2831066262,        75.6930369024
       12.2905260053,        75.6732884279
       12.3083697835,        75.6423918044
       12.3157891626,        75.6227291521
       12.3336329407,        75.5919996355
       12.3410523198,        75.5724322074
        12.358896098,        75.5418832294
       12.3663154771,        75.5224203876
       12.3841592552,        75.4920653104
       12.3915786343,        75.4727163693
       12.4094224125,        75.4425684779
       12.4168417916,        75.4233426969
       12.4346855697,        75.3934151921
       12.4421049488,        75.3743217676
        12.459948727,        75.3446277584
       12.4673681061,        75.3256758171
       12.4852118843,        75.2962283136
       12.4926312634,        75.2774269051
       12.5104750415,        75.2482388115
       12.5178944206,        75.2295969015
       12.5357381988,        75.2006810088
       12.5431575779,        75.1822074726
        12.561001356,        75.1535764521
       12.5684207351,         75.135280068
       12.5862645133,        75.1069464644
       12.5936838924,        75.0888359076
       12.6115276705,        75.0608121327
       12.6189470496,        75.0428959692
       12.6367908278,        75.0151942948
       12.6442102069,        74.9974809762
       12.6620539851,        74.9701135286
       12.6694733642,        74.9526113858
       12.6873171423,        74.9255901393
       12.6947365214,        74.9083073783
       12.7125802996,        74.8816441491
       12.7199996787,        74.8645888457
       12.7378434568,        74.8382952864
       12.7452628359,        74.8214753816
       12.7631066141,        74.7955629753
       12.7705259932,        74.7789862709
       12.7883697713,        74.7534663263
       12.7957891504,         74.737140481
       12.8136329286,        74.7120241264
       12.8210523077,        74.6959566523
       12.8388960858,        74.6712548308
       12.8463154649,        74.6554530895
       12.8641592431,        74.6311765546
       12.8715786222,        74.6156477542
       12.8894224004,        74.5918070643
       12.8968417795,        74.5765582565
       12.9146855576,         74.553163771
       12.9221049367,        74.5382018485
       12.9399487149,        74.5152637232
        12.947368094,        74.5005954171
       12.9652118721,        74.4781236003
       12.9726312512,        74.4637554784
       12.9904750294,        74.4417597068
       12.9978944085,        74.4276981714
       13.0157381866,        74.4061879665
       13.0231575657,        74.3924392529
       13.0410013439,        74.3714239177
        13.048420723,         74.357994093
       13.0662645012,        74.3374827085
       13.0736838803,        74.3243776703
       13.0915276584,        74.3043790927
       13.0989470375,        74.2916045685
       13.1167908157,        74.2721274262
       13.1242101948,        74.2596889726
       13.1420539729,        74.2407416641
        13.149473352,        74.2286446665
       13.1673171302,        74.2102353577
       13.1747365093,        74.1984850302
       13.1925802874,        74.1806371616
       13.1999996665,        74.1692455292
       13.2350400376,        74.1357911405
       13.2496096985,        74.1144693964
       13.2828980509,        74.0847106232
       13.2967392288,        74.0657403953
       13.3283631636,        74.0393410771
       13.3415122826,        74.0225232453
       13.3715550207,        73.9991663574
       13.3840466837,        73.9842966637
       13.4125872849,        73.9636889873
       13.4244543648,        73.9505786157
       13.4515679359,         73.932450059
       13.4628416618,        73.9209252067
       13.4885995543,        73.9050278491
       13.4993095939,        73.8949291064
       13.5237795919,        73.8810360427
       13.5339541295,        73.8722176378
       13.5572006275,         73.860121677
       13.5668664382,        73.8524506256
       13.5889506114,        73.8419628817
       13.5981331316,         73.835318066
       13.6191130961,        73.8262664684
       13.6278364902,         73.820537666
       13.6477674565,        73.8127654147
        13.656054681,        73.8078522896
       13.6749890989,        73.8012162865
       13.6828619622,        73.7970273622
       13.7008496592,        73.7913966654
       13.7083288793,        73.7878483072
       13.7254171915,        73.7831026786
       13.7325224506,        73.7801181296
       13.7487563472,        73.7761467611
       13.7555063433,        73.7736552904
       13.7709285451,        73.7703558087
       13.7773410414,        73.7682920403
        13.791992133,        73.7655698692
       13.7980840045,        73.7638733512
       13.8120025416,        73.7616414684
       13.8177898196,        73.7602565126
       13.8310124298,         73.758435562
       13.8365103438,        73.7573113329
       13.8490718235,        73.7558299726
       13.8542948419,        73.7549207421
       13.8662282476,        73.7537160436
        13.871190115,        73.7529814835
       13.8825268505,        73.7519991849
       13.8872406245,        73.7514045576
       13.8980105232,        73.7505990168
       13.9024886085,        73.7501151566
       13.9127200123,        73.7494489335
       13.9169741933,        73.7490519747
       13.9266940269,        73.7484950677
       13.9307354989,        73.7481659411
       13.9399693408,        73.7476947755
       13.9438087392,        73.7474185471
        13.952580889,        73.7470148616
       13.9562283175,        73.7467800108
       13.9645618598,        73.7464298244
       13.9680269169,        73.7462275711
       13.9759437821,        73.7459199466
       13.9792355863,         73.745743504
       13.9867566082,        73.7454711746
       13.9898838222,         73.745315842
        13.997028793,        73.7451918904
       13.9999996463,        73.7451217646
       13.9999996463,        73.7444707758
       14.0173117781,        73.7441491413
       14.0245101005,        73.7439713205
       14.0443987952,        73.7431910678
       14.0526684433,        73.7427611329
       14.0755171708,        73.7417663049
       14.0850175899,         73.741225317
       14.1112668915,        73.7399468272
       14.1221812572,        73.7392607066
         14.15233724,        73.7376032494
       14.1648759897,        73.7367254296
       14.1995200849,        73.7345556219
       14.2139249756,        73.7334215497
       14.2537251484,        73.7305493787
       14.2702739178,        73.7290679623
       14.3159975468,        73.7252157928
       14.3350092681,        73.7232552408
       14.3875379408,        73.7180033177
       14.4093791749,        73.7153664638
       14.4697256853,        73.7080488363
       14.4948175484,         73.704426526
       14.5641454247,        73.6939067515
       14.5929717076,        73.6887790358
       14.6726176457,         73.672868039
       14.7057341417,        73.6652552135
       14.7972337777,        73.6380977871
        14.835278999,        73.6255483227
       14.9403965178,         73.562916055
        14.984104006,        73.5364079784
        15.104866156,        73.3688641156
       15.1550786258,        73.3057678084
        15.293813796,        72.9606539362
       15.3514993833,        72.8307518083
       15.5108824968,        72.3200094907
        15.577153425,         72.115564863
       15.7602575132,        71.5187092357
       15.8363915379,        71.2769282687
       16.0467469916,        70.6535960713
       16.1342120364,         70.407698641
       16.3758746738,        69.7900397065
       16.4763571337,        69.5560964058
       16.7539864003,        68.9669341357
       16.8694236558,        68.7536909108
       17.1883724618,        68.2133042427
        17.320990234,        68.0266640108
       17.6874081629,        67.5524013328
       17.8397634265,        67.3959690453
       18.2607153037,        67.0000405079
       18.4357455878,        66.8749528147
        18.919347696,        66.5625456637
       19.1204277219,        66.4675457084
       19.6760042895,        66.2361609355
       19.9070110382,        66.1680188425
       20.5452740177,        66.0083563769
       20.8106614805,         65.962520112
       21.5439170833,        65.8607163667
        21.848802139,        65.8320529764
        22.691188109,        65.7726103214
       23.0414491808,        65.7561154137
       24.0092073809,        65.7246467688
       24.4115977774,        65.7160105805
       25.5233873457,        65.7010712116
       25.9856654696,        65.6970079513
        27.262922582,        65.6907237597
       27.7940015187,        65.6890281535
       29.2613526953,        65.6867158395
       29.8714720635,        65.6860967039
       31.5572089872,        65.6853618365
       32.2581323676,        65.6851665704
       34.1947573701,        65.6849662074
       34.9999991158,        65.6849136598
       36.3419999312,         65.684878615
       36.8999990678,        65.6848693326
       38.2419998832,        65.6848581317
       38.7999990198,        65.6848551402
       40.1419998352,         65.684851513
       40.6999989718,        65.6848505442
       42.0419997872,        65.6848493696
       42.5999989238,        65.6848490559
       43.9419997392,        65.6848486755
       44.4999988758,        65.6848485739
       45.8419996912,        65.6848484507
       46.3999988278,        65.6848484178
       47.7419996432,         65.684848378
       48.2999987798,        65.6848483673
       49.6419995952,        65.6848483545
       50.1999987318,         65.684848351
       51.5419995472,         65.684848347
       52.0999986838,        65.6848483459
       53.4419994992,         65.684848345

------------------------------------------------------------
 J - Total current density
------------------------------------------------------------
Position (um), Current Density (A/cm2)
   5.42101086243e-16,        85.6422572716
       1.70494233446,        85.6071598178
       2.41385125592,        85.5973764447
       3.70738275063,            85.481138
       4.24522851717,        85.4479405815
        5.2266245996,        85.2208943573
       5.63468557871,        85.1558619775
       6.37926603503,        84.8026386744
       6.68885992426,        84.6992764624
        7.2537695116,         84.238710884
       7.48865689646,        84.0986926411
       7.91725106538,        83.5774231579
       8.09545898707,        83.4113075489
         8.420631308,        82.8826400092
        8.5558367954,        82.7060904208
       8.80254346097,        82.2116793993
       8.90512320966,        82.0396074247
        9.0922983624,        81.6033493904
        9.1701251211,        81.4461793049
       9.31213400328,        81.0768563907
        9.3711807883,        80.9399896741
       9.47892223968,        80.6364690904
       9.52372074961,        80.5214033988
       9.60546366714,         80.277230208
       9.63945207973,        80.1829810091
        9.7014700355,        79.9895604504
       9.72725687958,        79.9138406736
       9.77430960237,        79.7623328418
       9.79387395612,        79.7023678525
       9.82957262909,        79.5846592707
       9.84441600957,        79.5376764855
       9.87150041992,        79.4467760326
       9.88276202082,        79.4102575527
       9.90331083182,        79.3403712605
        9.9118549539,        79.3121553651
       9.92744523733,        79.2586023086
       9.93392762138,        79.2368985112
       9.94575589393,        79.1959609759
       9.95067404733,        79.1793190584
       9.95964810045,        79.1480699445
       9.96337947963,        79.1353126548
       9.97018805028,        79.1114147222
       9.97301902959,        79.1014907219
       9.97818465918,        79.0829310274
       9.98033250948,        79.0746244102
       9.98425164764,        79.0594694018
       9.98588121127,        79.0511586448
       9.98885464242,        79.0377223345
       9.99009098445,        79.0278658376
       9.99234691226,        79.0154501527
       9.99328491898,        79.0039262938
       9.99499648049,        78.9931124249
       9.99570814164,          78.98165708
       9.99700669508,         78.973320713
       9.99754662895,        78.9639356738
       9.99853183515,        78.9582232265
       9.99894148036,        78.9516410055
       9.99968895154,        78.9508774964
       9.99999974738,        78.9490603554
       9.99999974738,        79.0631016448
       10.0020505388,         79.047397663
       10.0029032506,        79.0124552774
       10.0051796291,        78.9820223028
       10.0061261391,        78.9453841847
       10.0086529193,        78.9326233597
       10.0097035454,        78.9188420031
       10.0125082714,        78.9123222325
       10.0136744664,        78.9062317485
       10.0167877123,         78.902330758
       10.0180821887,        78.8992309226
       10.0215378916,        78.8965906035
       10.0229747605,        78.8947945413
       10.0268105907,        78.8928281797
       10.0284055151,        78.8916555649
       10.0326632866,         78.890074489
       10.0344336528,        78.8892214818
       10.0391597791,        78.8878643296
       10.0411248856,        78.8871809826
       10.0463708858,        78.8859450608
        10.048552154,        78.8853487871
       10.0543752143,        78.8841595934
       10.0567964219,        78.8835986145
       10.0632600188,        78.8823948382
       10.0659475593,        78.8818314395
       10.0731221519,        78.8805565916
       10.0761053218,        78.8799586874
       10.0840691196,        78.8785555946
       10.0873804382,        78.8778918905
       10.0962202538,        78.8762983412
       10.0998958174,        78.8755350432
       10.1097080127,        78.8736798018
       10.1137878883,         78.872777954
       10.1246794251,        78.8705768217
       10.1292080871,        78.8694898595
       10.1412976928,        78.8668416406
       10.1463245076,         78.865512969
         10.15974397,        78.8622952054
       10.1653237345,        78.8606556676
       10.1802193377,        78.8567198859
       10.1864128762,        78.8546849537
       10.2029469958,        78.8498510401
       10.2098218236,        78.8473174962
       10.2281746964,        78.8413667422
       10.2358057552,        78.8382085744
        10.256177444,        78.8308749466
       10.2646479193,        78.8269381697
       10.2872604938,        78.8178974259
       10.2966627214,        78.8129935722
       10.3217626791,         78.801849919
       10.3321991517,        78.7957479698
       10.3600601048,         78.782017985
       10.3716445894,         78.774434525
       10.4025702473,        78.7575280601
       10.4154290252,        78.7481154157
       10.4497565055,        78.7273131837
        10.464029749,        78.7156452689
       10.5021332521,        78.6900728728
       10.5179765524,        78.6756284532
       10.5602714409,        78.6442268028
       10.5778575041,        78.6263699336
       10.6248048303,        78.5878624093
       10.6443253606,        78.5658199696
       10.6964368927,        78.5186774396
       10.7181046812,        78.4915140385
       10.7759484819,        78.4338313241
       10.7999997272,        78.4002785621
       10.8178435053,        78.3815474989
       10.8252628844,        78.3707565662
       10.8431066626,        78.3513944862
       10.8505260417,        78.3400939552
       10.8683698198,        78.3202357045
       10.8757891989,        78.3086226172
       10.8936329771,        78.2882749687
       10.9010523562,        78.2763523897
       10.9188961343,        78.2555223299
       10.9263155135,        78.2432934581
       10.9441592916,        78.2219881868
       10.9515786707,        78.2094563575
       10.9694224489,        78.1876832869
        10.976841828,        78.1748519747
       10.9946856061,        78.1526187287
       11.0021049852,        78.1394915496
       11.0199487634,         78.116805963
       11.0273681425,        78.1033866768
       11.0452119206,         78.080256794
       11.0526312997,        78.0665493066
       11.0704750779,        78.0429833806
        11.077894457,        78.0289917462
       11.0957382351,        78.0049982373
       11.1031576142,        77.9907266602
       11.1210013924,        77.9663142346
       11.1284207715,        77.9517670713
       11.1462645497,        77.9269445993
       11.1536839288,        77.9121263605
       11.1715277069,         77.886902915
        11.178947086,        77.8718182669
       11.1967908642,        77.8462031214
       11.2042102433,        77.8308568876
       11.2220540214,        77.8048595141
       11.2294734005,        77.7892566765
       11.2473171787,        77.7628867435
       11.2547365578,        77.7470324441
       11.2725803359,        77.7202998139
        11.279999715,        77.7041993552
       11.2978434932,        77.6771140816
       11.3052628723,        77.6607729278
       11.3231066505,        77.6333452531
       11.3305260296,        77.6167690307
       11.3483698077,         77.589009383
       11.3557891868,        77.5722038809
        11.373632965,        77.5441228709
       11.3810523441,        77.5270940405
       11.3988961222,        77.4987024584
       11.4063155013,        77.4814564139
       11.4241592795,        77.4527652255
       11.4315786586,        77.4353082431
       11.4494224367,        77.4063285864
       11.4568418158,        77.3886671041
        11.474685594,        77.3594102853
       11.4821049731,        77.3415509014
       11.4999487513,        77.3120283912
       11.5073681304,        77.2939778636
       11.5252119085,        77.2642012924
       11.5326312876,        77.2459665368
       11.5504750658,        77.2159476906
       11.5578944449,        77.1975357789
        11.575738223,        77.1672865944
       11.5831576021,        77.1487047525
       11.6010013803,        77.1182373126
       11.6084207594,        77.0994929178
       11.6262645375,        77.0688194463
       11.6336839166,        77.0499200249
       11.6515276948,        77.0190528812
       11.6589470739,        77.0000061051
        11.676790852,        76.9689577792
       11.6842102311,        76.9497714626
       11.7020540093,        76.9185545689
       11.7094733884,        76.8992366649
       11.7273171666,        76.8678639369
       11.7347365457,        76.8484225329
       11.7525803238,         76.816906817
       11.7599997029,        76.7973501307
       11.7778434811,        76.7657043802
       11.7852628602,        76.7460407548
       11.8031066383,        76.7142780237
       11.8105260174,        76.6945159228
       11.8283697956,         76.662649359
       11.8357891747,        76.6427973616
       11.8536329528,        76.6108402006
       11.8610523319,        76.5909069951
       11.8788961101,        76.5588725532
       11.8863154892,        76.5388669317
       11.9041592674,        76.5067685991
       11.9115786465,        76.4866994512
       11.9294224246,        76.4545506849
       11.9368418037,        76.4344269914
       11.9546855819,        76.4022413082
        11.962104961,         76.382072134
       11.9799487391,        76.3498631033
       11.9873681182,         76.329657591
       12.0052118964,        76.2974388272
       12.0126312755,        76.2772061895
       12.0304750536,        76.2449913449
       12.0378944327,        76.2247408576
       12.0557382109,        76.1925436145
         12.06315759,        76.1722846089
       12.0810013682,        76.1401186724
       12.0884207473,        76.1198605276
       12.1062645254,        76.0877396178
       12.1136839045,        76.0674917527
       12.1315276827,        76.0354295969
       12.1389470618,        76.0152014628
       12.1567908399,         75.983211788
        12.164210219,        75.9630128601
       12.1820539972,        75.9311093849
       12.1894733763,        75.9109491547
       12.2073171544,        75.8791455818
       12.2147365335,        75.8590335484
       12.2325803117,        75.8273435569
       12.2399996908,        75.8072892195
       12.2578434689,        75.7757264569
        12.265262848,        75.7557393063
       12.2831066262,        75.7243173808
       12.2905260053,        75.7044068915
       12.3083697835,        75.6731393644
       12.3157891626,        75.6533149863
       12.3336329407,        75.6222153642
       12.3410523198,        75.6024865152
        12.358896098,        75.5715682423
       12.3663154771,        75.5519442998
       12.3841592552,        75.5212207507
       12.3915786343,        75.5017110441
       12.4094224125,        75.4711955159
       12.4168417916,        75.4518093192
       12.4346855697,        75.4215150242
       12.4421049488,        75.4022615483
        12.459948727,        75.3722016068
       12.4673681061,        75.3530899921
       12.4852118843,         75.323277425
       12.4926312634,        75.3043167348
       12.5104750415,        75.2747644567
       12.5178944206,        75.2559636697
       12.5357381988,        75.2266844815
       12.5431575779,        75.2080524856
        12.561001356,        75.1790590683
       12.5684207351,        75.1606046537
       12.5862645133,        75.1319095609
       12.5936838924,        75.1136414145
       12.6115276705,        75.0852570664
       12.6189470496,        75.0671837651
       12.6367908278,        75.0391224417
       12.6442102069,        75.0212524474
       12.6620539851,        74.9935262823
       12.6694733642,         74.975867936
       12.6873171423,        74.9484889102
       12.6947365214,        74.9310504271
       12.7125802996,        74.9040303631
       12.7199996787,        74.8868198275
       12.7378434568,        74.8601703836
       12.7452628359,        74.8431957444
       12.7631066141,        74.8169284087
       12.7705259932,        74.8001974751
       12.7883697713,        74.7743235604
       12.7957891504,        74.7578439978
       12.8136329286,        74.7323746362
       12.8210523077,        74.7161539625
       12.8388960858,           74.6911001
       12.8463154649,        74.6751456821
       12.8641592431,        74.6505180741
       12.8715786222,        74.6348371247
       12.8894224004,        74.6106463311
       12.8968417795,        74.5952459057
       12.9146855576,        74.5715022865
       12.9221049367,        74.5563892806
       12.9399487149,        74.5331029913
        12.947368094,        74.5182841387
       12.9652118721,        74.4954651263
       12.9726312512,         74.480946996
       12.9904750294,        74.4586049951
       12.9978944085,        74.4443939902
       13.0157381866,        74.4225385195
       13.0231575657,        74.4086408753
       13.0410013439,        74.3872812334
        13.048420723,         74.373703016
       13.0662645012,        74.3528482789
       13.0736838803,        74.3395953842
       13.0915276584,        74.3192544018
       13.0989470375,        74.3063325546
       13.1167908157,        74.2865139479
       13.1242101948,        74.2739287013
       13.1420539729,        74.2546408599
        13.149473352,        74.2423975948
       13.1673171302,        74.2236486746
       13.1747365093,        74.2117525997
       13.1925802874,        74.1935669093
       13.1999996665,         74.182030611
       13.2350400376,         74.147913231
       13.2496096985,        74.1263076967
       13.2828980509,        74.0959225821
       13.2967392288,        74.0766845156
       13.3283631636,         74.049692836
       13.3415122826,        74.0326220588
       13.3715550207,        74.0087047027
       13.3840466837,        73.9935959937
       13.4125872849,        73.9724577913
       13.4244543648,        73.9591214386
       13.4515679359,        73.9404904743
       13.4628416618,        73.9287518417
       13.4885995543,        73.9123784905
       13.4993095939,        73.9020773939
       13.5237795919,        73.8877331604
       13.5339541295,        73.8787231093
       13.5572006275,        73.8661993238
       13.5668664382,        73.8583466687
       13.5889506114,        73.8474530807
       13.5981331316,        73.8406360928
       13.6191130961,        73.8311993912
       13.6278364902,        73.8253072942
       13.6477674565,        73.8171695837
        13.656054681,        73.8121015531
       13.6749890989,        73.8051188217
       13.6828619622,        73.8007829719
       13.7008496592,         73.794823602
       13.7083288793,        73.7911359922
       13.7254171915,        73.7860793867
       13.7325224506,        73.7829630893
       13.7487563472,        73.7786985009
       13.7555063433,        73.7760827929
       13.7709285451,        73.7725084436
       13.7773410414,         73.770328184
        13.791992133,        73.7673507295
       13.7980840045,        73.7655459729
       13.8120025416,        73.7630802976
       13.8177898196,        73.7615961531
       13.8310124298,        73.7595653806
       13.8365103438,         73.758352061
       13.8490718235,        73.7566875739
       13.8542948419,        73.7557005161
       13.8662282476,        73.7543417581
        13.871190115,        73.7535416635
       13.8825268505,        73.7524356049
       13.8872406245,        73.7517882917
       13.8980105232,        73.7508886603
       13.9024886085,        73.7503647274
       13.9127200123,        73.7496312934
       13.9169741933,        73.7492057102
       13.9266940269,         73.748603888
       13.9307354989,        73.7482556417
       13.9399693408,        73.7477564079
       13.9438087392,        73.7474682415
        13.952580889,        73.7470480929
       13.9562283175,        73.7468062473
       13.9645618598,        73.7464469333
       13.9680269169,        73.7462408059
       13.9759437821,        73.7459283557
       13.9792355863,        73.7457498673
       13.9867566082,         73.745475083
       13.9898838222,        73.7453187097
        13.997028793,         73.745193963
       13.9999996463,        73.7451235002
       13.9999996463,        73.7444703246
       14.0173117781,        73.7441485829
       14.0245101005,        73.7439707095
       14.0443987952,        73.7431904382
       14.0526684433,        73.7427604913
       14.0755171708,        73.7417659023
       14.0850175899,        73.7412250112
       14.1112668915,        73.7399466918
       14.1221812572,        73.7392606407
         14.15233724,        73.7376032274
       14.1648759897,        73.7367254254
       14.1995200849,         73.734555622
       14.2139249756,        73.7334215516
       14.2537251484,        73.7305493809
       14.2702739178,        73.7290679646
       14.3159975468,        73.7252157951
       14.3350092681,        73.7232552431
       14.3875379408,        73.7180033199
       14.4093791749,        73.7153664661
       14.4697256853,        73.7080488386
       14.4948175484,        73.7044265282
       14.5641454247,        73.6939067537
       14.5929717076,         73.688779038
       14.6726176457,        73.6728680412
       14.7057341417,        73.6652552157
       14.7972337777,        73.6380977893
        14.835278999,        73.6255483248
       14.9403965178,        73.5629160572
        14.984104006,        73.5364079805
        15.104866156,        73.3688641177
       15.1550786258,        73.3057678105
        15.293813796,        72.9606539383
       15.3514993833,        72.8307518104
       15.5108824968,        72.3200094928
        15.577153425,        72.1155648651
       15.7602575132,        71.5187092378
       15.8363915379,        71.2769282708
       16.0467469916,        70.6535960734
       16.1342120364,        70.4076986431
       16.3758746738,        69.7900397086
       16.4763571337,        69.5560964078
       16.7539864003,        68.9669341377
       16.8694236558,        68.7536909128
       17.1883724618,        68.2133042448
        17.320990234,        68.0266640128
       17.6874081629,        67.5524013349
       17.8397634265,        67.3959690473
       18.2607153037,        67.0000405099
       18.4357455878,        66.8749528167
        18.919347696,        66.5625456657
       19.1204277219,        66.4675457104
       19.6760042895,        66.2361609375
       19.9070110382,        66.1680188445
       20.5452740177,        66.0083563789
       20.8106614805,         65.962520114
       21.5439170833,        65.8607163687
        21.848802139,        65.8320529784
        22.691188109,        65.7726103233
       23.0414491808,        65.7561154156
       24.0092073809,        65.7246467708
       24.4115977774,        65.7160105824
       25.5233873457,        65.7010712136
       25.9856654696,        65.6970079533
        27.262922582,        65.6907237616
       27.7940015187,        65.6890281555
       29.2613526953,        65.6867158415
       29.8714720635,        65.6860967058
       31.5572089872,        65.6853618385
       32.2581323676,        65.6851665724
       34.1947573701,        65.6849662093
       34.9999991158,        65.6849136617
       36.3419999312,        65.6848786169
       36.8999990678,        65.6848693346
       38.2419998832,        65.6848581336
       38.7999990198,        65.6848551422
       40.1419998352,        65.6848515149
       40.6999989718,        65.6848505462
       42.0419997872,        65.6848493715
       42.5999989238,        65.6848490578
       43.9419997392,        65.6848486774
       44.4999988758,        65.6848485758
       45.8419996912,        65.6848484527
       46.3999988278,        65.6848484198
       47.7419996432,        65.6848483799
       48.2999987798,        65.6848483692
       49.6419995952,        65.6848483564
       50.1999987318,        65.6848483529
       51.5419995472,        65.6848483489
       52.0999986838,        65.6848483478
       53.4419994992,        65.6848483469

